2 0.063528 0.456465 0.014174 0.015919
2 0.630993 0.471774 0.008855 0.012637
1 0.765595 0.479119 0.005392 0.022311
1 0.043051 0.454751 0.016018 0.012646
1 0.075274 0.456443 0.012160 0.019244
5 0.443438 0.422930 0.037592 0.022698
5 0.443221 0.440662 0.036842 0.014966
5 0.443105 0.453754 0.036373 0.014072
5 0.443221 0.467290 0.035905 0.013720
5 0.442696 0.480919 0.035556 0.014244
5 0.137563 0.429996 0.047366 0.009820
5 0.137710 0.441589 0.047084 0.009210
5 0.137513 0.456357 0.047479 0.017371
5 0.137806 0.471873 0.047084 0.009502
