6 0.627993 0.329716 0.016739 0.073339
6 0.786872 0.571619 0.011790 0.050083
2 0.783274 0.625977 0.026792 0.041853
6 0.782262 0.682972 0.006373 0.029048
6 0.677390 0.598193 0.005921 0.022646
6 0.571129 0.594295 0.005921 0.022646
6 0.574854 0.642237 0.003771 0.011519
6 0.680085 0.639044 0.002762 0.010893
6 0.166596 0.552571 0.018375 0.057796
6 0.243335 0.601544 0.007647 0.026294
6 0.252124 0.600167 0.007647 0.026878
6 0.430919 0.622517 0.002847 0.013397
2 0.453611 0.620993 0.012586 0.019115
1 0.544899 0.614428 0.011795 0.017838
1 0.681519 0.617947 0.010409 0.016194
1 0.063277 0.605747 0.010356 0.030075
6 0.454408 0.594094 0.005927 0.022646
6 0.455125 0.644992 0.002337 0.011519
