5 0.510410 0.547054 0.015476 0.006792
6 0.595536 0.240147 0.023686 0.083327
6 0.847514 0.512546 0.016251 0.070496
1 0.738280 0.529288 0.018815 0.033318
1 0.789105 0.533042 0.018841 0.025827
6 0.798957 0.536756 0.009521 0.031268
1 0.845205 0.579085 0.023516 0.033373
6 0.566257 0.544761 0.009263 0.029228
6 0.349193 0.543327 0.008595 0.029228
6 0.341745 0.542762 0.008595 0.029219
6 0.175640 0.549926 0.008645 0.032022
2 0.499474 0.541723 0.009748 0.013980
5 0.412429 0.535960 0.021241 0.009458
5 0.412171 0.542339 0.020901 0.005395
5 0.412382 0.548952 0.020983 0.006691
5 0.497583 0.528332 0.013403 0.011645
5 0.490041 0.538980 0.011979 0.007702
5 0.511670 0.557040 0.019509 0.007978
