1 0.116767 0.384055 0.046244 0.109185
1 0.131654 0.483003 0.030844 0.087548
6 0.249644 0.483510 0.011355 0.061092
6 0.503960 0.494151 0.011355 0.063518
6 0.501419 0.596781 0.004741 0.032262
2 0.588151 0.603765 0.042389 0.090095
2 0.954335 0.558869 0.023291 0.032695
2 0.684370 0.556889 0.010997 0.019671
2 0.446026 0.499437 0.006960 0.015338
2 0.208443 0.515901 0.006013 0.014471
1 0.259928 0.505061 0.007311 0.015165
1 0.348954 0.505412 0.007315 0.015000
1 0.372475 0.506031 0.007026 0.015009
1 0.446075 0.514120 0.006697 0.014220
6 0.462065 0.509588 0.005029 0.021551
6 0.459720 0.545017 0.001647 0.009445
