6 0.460991 0.414519 0.013674 0.072654
6 0.782326 0.435525 0.014676 0.085138
6 0.779969 0.611483 0.006989 0.043108
6 0.468087 0.556999 0.005012 0.039697
5 0.130254 0.365494 0.018346 0.035316
5 0.130318 0.395610 0.018342 0.032289
5 0.130068 0.423700 0.018803 0.027400
5 0.490468 0.420654 0.025897 0.024639
5 0.490283 0.444849 0.025675 0.021897
5 0.518358 0.440859 0.019485 0.014363
5 0.518259 0.453175 0.020082 0.010267
5 0.518259 0.463099 0.020082 0.009581
3 0.822570 0.474323 0.018401 0.036874
2 0.909364 0.484368 0.011490 0.024497
1 0.143615 0.386946 0.009594 0.031006
1 0.266790 0.418896 0.007371 0.024185
1 0.254807 0.441122 0.008561 0.018023
