6 0.655325 0.195483 0.018515 0.097444
6 0.858346 0.525132 0.016489 0.072812
6 0.856739 0.670274 0.008428 0.038085
3 0.486868 0.587491 0.011315 0.021103
3 0.760765 0.594761 0.014766 0.026205
5 0.106865 0.561427 0.038286 0.027368
5 0.233916 0.565256 0.042443 0.013932
5 0.388146 0.556021 0.020197 0.007103
5 0.388020 0.563620 0.020202 0.007103
5 0.388137 0.570568 0.020197 0.005821
5 0.428167 0.557402 0.021778 0.008564
5 0.428247 0.566594 0.021774 0.008556
5 0.476111 0.545692 0.031049 0.021094
5 0.705101 0.542940 0.017140 0.010530
5 0.705140 0.552329 0.017136 0.006863
5 0.705197 0.560453 0.017140 0.008154
3 0.575742 0.599496 0.006719 0.012120
1 0.575866 0.552859 0.006728 0.011615
2 0.876746 0.613624 0.022731 0.036120
2 0.983680 0.576154 0.013941 0.016410
