3 0.147755 0.734540 0.054209 0.115982
2 0.394881 0.489271 0.016863 0.028850
1 0.341916 0.486035 0.033058 0.048267
1 0.927021 0.456595 0.070510 0.077730
5 0.337803 0.449179 0.035413 0.025322
5 0.331731 0.416204 0.036766 0.037101
5 0.396793 0.424387 0.012039 0.011043
5 0.397162 0.432515 0.012039 0.009202
5 0.397513 0.442178 0.011687 0.012883
5 0.397337 0.451227 0.011863 0.008589
5 0.597614 0.423167 0.018673 0.011917
5 0.597008 0.432431 0.017759 0.009770
5 0.597465 0.441442 0.016248 0.012485
5 0.596476 0.452040 0.017012 0.010307
5 0.640435 0.417209 0.028093 0.011135
5 0.641349 0.428328 0.029306 0.013221
5 0.641116 0.441971 0.027944 0.013543
5 0.141384 0.434287 0.025685 0.014801
5 0.140562 0.444218 0.024552 0.008620
5 0.140817 0.453060 0.023533 0.012592
5 0.140373 0.461894 0.023664 0.010383
