5 0.772913 0.218821 0.238670 0.121310
5 0.789661 0.324307 0.263798 0.117797
5 0.783904 0.425393 0.243899 0.112512
5 0.790183 0.518575 0.250183 0.091418
1 0.653592 0.534961 0.021734 0.038274
6 0.463339 0.549153 0.017872 0.088906
6 0.255275 0.541194 0.019633 0.087134
5 0.315087 0.514268 0.017037 0.011248
5 0.315289 0.524314 0.019477 0.010231
5 0.314679 0.533513 0.017450 0.010909
5 0.350385 0.518867 0.015413 0.010216
5 0.347950 0.526703 0.012982 0.006810
5 0.350385 0.531641 0.017046 0.007843
5 0.350385 0.536579 0.016239 0.006133
5 0.350693 0.541518 0.016028 0.009877
5 0.104936 0.455909 0.022202 0.028952
5 0.104936 0.480200 0.024532 0.024530
5 0.104647 0.500809 0.020450 0.029445
5 0.103037 0.518467 0.017229 0.023559
5 0.111362 0.536379 0.023954 0.020123
