1 0.848415 0.398991 0.012918 0.033575
5 0.333655 0.292265 0.074890 0.062743
5 0.332759 0.344838 0.070407 0.045794
5 0.333431 0.384684 0.066373 0.039014
5 0.332983 0.424961 0.068166 0.039846
5 0.333431 0.465231 0.070856 0.040693
6 0.397571 0.474438 0.112486 0.835439
1 0.636544 0.518390 0.025558 0.069538
1 0.795069 0.425123 0.015240 0.035609
3 0.640803 0.336949 0.020628 0.055963
1 0.637441 0.455231 0.027351 0.058505
5 0.667710 0.360686 0.068166 0.028829
5 0.667037 0.413259 0.065925 0.028829
6 0.682107 0.201549 0.041703 0.103436
