6 0.168123 0.506701 0.049836 0.506333
1 0.241543 0.535688 0.020828 0.040589
6 0.335041 0.353029 0.031565 0.084167
6 0.772767 0.553482 0.038207 0.263578
1 0.648593 0.508628 0.032393 0.056481
6 0.706735 0.107836 0.051496 0.149507
0 0.768845 0.595150 0.020697 0.035605
4 0.728289 0.512879 0.027584 0.011128
4 0.729215 0.525397 0.029437 0.009583
4 0.729100 0.537761 0.029206 0.012672
4 0.733041 0.551205 0.037088 0.012364
4 0.780906 0.519061 0.028976 0.011746
4 0.781372 0.532042 0.029439 0.012364
4 0.779944 0.544185 0.028653 0.012662
