5 0.075594 0.480322 0.054521 0.026703
5 0.075315 0.504802 0.053963 0.019286
5 0.093953 0.522047 0.028929 0.013724
5 0.094370 0.538180 0.027540 0.011868
5 0.094370 0.554871 0.027540 0.015575
5 0.208279 0.520749 0.021696 0.017801
5 0.207862 0.540775 0.022530 0.017060
5 0.208558 0.558578 0.022254 0.014094
5 0.208557 0.573786 0.025590 0.010384
5 0.210632 0.586872 0.031711 0.013353
6 0.210427 0.556154 0.019707 0.107672
6 0.372654 0.521865 0.020188 0.185218
6 0.696684 0.295109 0.028239 0.080847
6 0.775176 0.503313 0.020764 0.080847
6 0.608662 0.557884 0.007691 0.071138
6 0.865582 0.558844 0.012979 0.056399
5 0.954198 0.564511 0.014680 0.010046
1 0.294998 0.583905 0.015069 0.023181
6 0.037856 0.587059 0.014139 0.033998
