6 0.438263 0.347439 0.011310 0.059692
6 0.521627 0.326349 0.040376 0.098623
6 0.687205 0.335396 0.014589 0.053382
0 0.687820 0.384975 0.010131 0.012374
6 0.666468 0.356154 0.011875 0.042976
5 0.903927 0.322435 0.026345 0.015710
5 0.904254 0.336398 0.027325 0.009164
5 0.903928 0.346870 0.027652 0.009164
5 0.903600 0.357779 0.027327 0.010035
5 0.873172 0.309310 0.032595 0.015707
5 0.873662 0.326327 0.032398 0.013088
5 0.873466 0.339810 0.031614 0.008116
5 0.874154 0.349889 0.032201 0.011520
0 0.196823 0.374824 0.010772 0.017271
5 0.586617 0.218542 0.029315 0.043429
5 0.585857 0.256137 0.026861 0.041092
5 0.792404 0.326422 0.030396 0.018534
5 0.792640 0.340088 0.032279 0.016338
5 0.792994 0.354539 0.030630 0.017593
5 0.873531 0.359826 0.031499 0.011636
5 0.584584 0.291573 0.020923 0.038077
5 0.585314 0.321011 0.023752 0.023978
5 0.581921 0.346345 0.018321 0.023072
5 0.807838 0.288564 0.046183 0.026391
5 0.808073 0.311027 0.047596 0.018534
6 0.046947 0.358485 0.033421 0.162600
6 0.195950 0.323100 0.043566 0.126489
6 0.221136 0.353974 0.011782 0.027019
1 0.185675 0.365440 0.011546 0.026076
1 0.337091 0.369599 0.009280 0.017549
3 0.334415 0.387691 0.006303 0.012274
